 00000000  7f 45 4c 46 01 01 01 00  00 00 00 00 00 00 00 00 
|.ELF............| 00000010  02 00 03 00 01 00 00 00  54 80 04 08 34
00 00 00  |........T...4...| 00000020  00 00 00 00 00 00 00 00  34 00
20 00 01 00 00 00  |........4. .....| 00000030  00 00 00 00 01 00 00
00  00 00 00 00 00 80 04 08  |................| 00000040  00 80 04 08
74 00 00 00  74 00 00 00 05 00 00 00  |....t...t.......| 00000050  00
10 00 00 b0 04 31 db  43 b9 69 80 04 08 31 d2  |......1.C.i...1.|
00000060  b2 0b cd 80 31 c0 40 cd  80 48 65 6c 6c 6f 20 77 
|....1.@..Hello w| 00000070  6f 72 6c 64                              
|orld| 00000074 
